LCAO
0.059239	0.3515	0.70766	 |; 0	0	0 & 0	0	-1.99 & 322.037; 0	0	0 & 0	0	-1.99 & 48.4308; 0	0	0 & 0	0	-1.99 & 10.4206
-0.40445	1.2216	 |; 0	0	0 & 0	0	-1.99 & 7.4029; 0	0	0 & 0	0	-1.99 & 1.5762
0.24459	0.85396	 |; 1	0	0 & 0	0	-1.99 & 7.4029; 1	0	0 & 0	0	-1.99 & 1.5762
0.24459	0.85396	 |; 0	1	0 & 0	0	-1.99 & 7.4029; 0	1	0 & 0	0	-1.99 & 1.5762
0.24459	0.85396	 |; 0	0	1 & 0	0	-1.99 & 7.4029; 0	0	1 & 0	0	-1.99 & 1.5762
1	 |; 0	0	0 & 0	0	-1.99 & 0.37368
1	 |; 1	0	0 & 0	0	-1.99 & 0.37368
1	 |; 0	1	0 & 0	0	-1.99 & 0.37368
1	 |; 0	0	1 & 0	0	-1.99 & 0.37368
1	 |; 2	0	0 & 0	0	-1.99 & 0.8
1	 |; 1	1	0 & 0	0	-1.99 & 0.8
1	 |; 1	0	1 & 0	0	-1.99 & 0.8
1	 |; 0	2	0 & 0	0	-1.99 & 0.8
1	 |; 0	1	1 & 0	0	-1.99 & 0.8
1	 |; 0	0	2 & 0	0	-1.99 & 0.8
0.061767	0.35879	0.70071	 |; 0	0	0 & 0	0	0 & 172.256; 0	0	0 & 0	0	0 & 25.9109; 0	0	0 & 0	0	0 & 5.5334
-0.3959	1.2158	 |; 0	0	0 & 0	0	0 & 3.665; 0	0	0 & 0	0	0 & 0.77055
0.23646	0.86062	 |; 1	0	0 & 0	0	0 & 3.665; 1	0	0 & 0	0	0 & 0.77055
0.23646	0.86062	 |; 0	1	0 & 0	0	0 & 3.665; 0	1	0 & 0	0	0 & 0.77055
0.23646	0.86062	 |; 0	0	1 & 0	0	0 & 3.665; 0	0	1 & 0	0	0 & 0.77055
1	 |; 0	0	0 & 0	0	0 & 0.19586
1	 |; 1	0	0 & 0	0	0 & 0.19586
1	 |; 0	1	0 & 0	0	0 & 0.19586
1	 |; 0	0	1 & 0	0	0 & 0.19586
1	 |; 2	0	0 & 0	0	0 & 0.8
1	 |; 1	1	0 & 0	0	0 & 0.8
1	 |; 1	0	1 & 0	0	0 & 0.8
1	 |; 0	2	0 & 0	0	0 & 0.8
1	 |; 0	1	1 & 0	0	0 & 0.8
1	 |; 0	0	2 & 0	0	0 & 0.8
0.059239	0.3515	0.70766	 |; 0	0	0 & 0	0	1.99 & 322.037; 0	0	0 & 0	0	1.99 & 48.4308; 0	0	0 & 0	0	1.99 & 10.4206
-0.40445	1.2216	 |; 0	0	0 & 0	0	1.99 & 7.4029; 0	0	0 & 0	0	1.99 & 1.5762
0.24459	0.85396	 |; 1	0	0 & 0	0	1.99 & 7.4029; 1	0	0 & 0	0	1.99 & 1.5762
0.24459	0.85396	 |; 0	1	0 & 0	0	1.99 & 7.4029; 0	1	0 & 0	0	1.99 & 1.5762
0.24459	0.85396	 |; 0	0	1 & 0	0	1.99 & 7.4029; 0	0	1 & 0	0	1.99 & 1.5762
1	 |; 0	0	0 & 0	0	1.99 & 0.37368
1	 |; 1	0	0 & 0	0	1.99 & 0.37368
1	 |; 0	1	0 & 0	0	1.99 & 0.37368
1	 |; 0	0	1 & 0	0	1.99 & 0.37368
1	 |; 2	0	0 & 0	0	1.99 & 0.8
1	 |; 1	1	0 & 0	0	1.99 & 0.8
1	 |; 1	0	1 & 0	0	1.99 & 0.8
1	 |; 0	2	0 & 0	0	1.99 & 0.8
1	 |; 0	1	1 & 0	0	1.99 & 0.8
1	 |; 0	0	2 & 0	0	1.99 & 0.8
Population matrixTranslationsRotations