LCAO
0.059239	0.3515	0.70766	 |; 0	0	0 & 0	0	-1.99 & 322.037; 0	0	0 & 0	0	-1.99 & 48.4308; 0	0	0 & 0	0	-1.99 & 10.4206
-0.40445	1.2216	 |; 0	0	0 & 0	0	-1.99 & 7.4029; 0	0	0 & 0	0	-1.99 & 1.5762
0.24459	0.85396	 |; 1	0	0 & 0	0	-1.99 & 7.4029; 1	0	0 & 0	0	-1.99 & 1.5762
0.24459	0.85396	 |; 0	1	0 & 0	0	-1.99 & 7.4029; 0	1	0 & 0	0	-1.99 & 1.5762
0.24459	0.85396	 |; 0	0	1 & 0	0	-1.99 & 7.4029; 0	0	1 & 0	0	-1.99 & 1.5762
1	 |; 0	0	0 & 0	0	-1.99 & 0.37368
1	 |; 1	0	0 & 0	0	-1.99 & 0.37368
1	 |; 0	1	0 & 0	0	-1.99 & 0.37368
1	 |; 0	0	1 & 0	0	-1.99 & 0.37368
1	 |; 2	0	0 & 0	0	-1.99 & 0.8
1	 |; 1	1	0 & 0	0	-1.99 & 0.8
1	 |; 1	0	1 & 0	0	-1.99 & 0.8
1	 |; 0	2	0 & 0	0	-1.99 & 0.8
1	 |; 0	1	1 & 0	0	-1.99 & 0.8
1	 |; 0	0	2 & 0	0	-1.99 & 0.8
0.061767	0.35879	0.70071	 |; 0	0	0 & 0	0	0 & 172.256; 0	0	0 & 0	0	0 & 25.9109; 0	0	0 & 0	0	0 & 5.5334
-0.3959	1.2158	 |; 0	0	0 & 0	0	0 & 3.665; 0	0	0 & 0	0	0 & 0.77055
0.23646	0.86062	 |; 1	0	0 & 0	0	0 & 3.665; 1	0	0 & 0	0	0 & 0.77055
0.23646	0.86062	 |; 0	1	0 & 0	0	0 & 3.665; 0	1	0 & 0	0	0 & 0.77055
0.23646	0.86062	 |; 0	0	1 & 0	0	0 & 3.665; 0	0	1 & 0	0	0 & 0.77055
1	 |; 0	0	0 & 0	0	0 & 0.19586
1	 |; 1	0	0 & 0	0	0 & 0.19586
1	 |; 0	1	0 & 0	0	0 & 0.19586
1	 |; 0	0	1 & 0	0	0 & 0.19586
1	 |; 2	0	0 & 0	0	0 & 0.8
1	 |; 1	1	0 & 0	0	0 & 0.8
1	 |; 1	0	1 & 0	0	0 & 0.8
1	 |; 0	2	0 & 0	0	0 & 0.8
1	 |; 0	1	1 & 0	0	0 & 0.8
1	 |; 0	0	2 & 0	0	0 & 0.8
0.059239	0.3515	0.70766	 |; 0	0	0 & 0	0	1.99 & 322.037; 0	0	0 & 0	0	1.99 & 48.4308; 0	0	0 & 0	0	1.99 & 10.4206
-0.40445	1.2216	 |; 0	0	0 & 0	0	1.99 & 7.4029; 0	0	0 & 0	0	1.99 & 1.5762
0.24459	0.85396	 |; 1	0	0 & 0	0	1.99 & 7.4029; 1	0	0 & 0	0	1.99 & 1.5762
0.24459	0.85396	 |; 0	1	0 & 0	0	1.99 & 7.4029; 0	1	0 & 0	0	1.99 & 1.5762
0.24459	0.85396	 |; 0	0	1 & 0	0	1.99 & 7.4029; 0	0	1 & 0	0	1.99 & 1.5762
1	 |; 0	0	0 & 0	0	1.99 & 0.37368
1	 |; 1	0	0 & 0	0	1.99 & 0.37368
1	 |; 0	1	0 & 0	0	1.99 & 0.37368
1	 |; 0	0	1 & 0	0	1.99 & 0.37368
1	 |; 2	0	0 & 0	0	1.99 & 0.8
1	 |; 1	1	0 & 0	0	1.99 & 0.8
1	 |; 1	0	1 & 0	0	1.99 & 0.8
1	 |; 0	2	0 & 0	0	1.99 & 0.8
1	 |; 0	1	1 & 0	0	1.99 & 0.8
1	 |; 0	0	2 & 0	0	1.99 & 0.8
Population matrix
2.32315901942259	0.581959354078097	0.0101825877815335	0.00118538508053142	-0.0553077677732434	-2.84902508403545	0.00262105521423944	-0.0205466464850974	-0.438274096043472	0.69317027558347	0.121764451881094	-0.0807785443715071	0.627721498092254	0.0226469919260954	0.466022683818785	0.160256783226656	-0.130360726548352	-0.000990735292604158	0.027591994650156	0.0818993139154391	0.41522278370023	-0.0171954752914424	0.0664322962286978	-0.468268982799909	0.165771715549477	-0.0185745584339694	-0.118156964570246	0.126789768438455	-0.00809896999478173	0.491113084152784	0.0614528767695308	-0.0250881882010496	0.0889509860270084	0.00588666574918529	-0.0355687334268643	-0.264291563812826	0.096364739345592	-0.0532050974113	0.16327271137793	0.133879494303835	0.00798469735670083	-0.0453826718675744	0.0604578416357576	0.0311661989496485	0.0204517702998521
0.581959354078097	0.952097386355621	0.0753297277257615	0.0567240901389451	-0.297222693980168	-2.7818986973415	-0.0295957187653399	0.0280521849515176	-1.02697168385042	0.680098008125218	0.0570710796147084	-0.0164183644904741	0.740645265624265	0.0611328151187943	0.3572072673778	-0.0054767220005405	-0.15620517413165	0.0391583573314662	0.00227136587317287	-0.305150609128438	0.253837074159939	0.108430922242597	0.0305701973415059	-1.4511182776079	0.137494609129545	-0.0173094956161237	0.00132045797944515	0.1059743416878	-0.00236442631513647	0.300562714398641	-0.0250979644557259	-0.343325809386295	0.0835002704417467	-0.117291416184326	0.0130791318043952	1.71659424887143	0.0827702161693881	-0.0996567730365103	-0.422399397978851	-0.269619262319449	-0.0276771892181799	0.0284350791601397	-0.3411191337899	-0.0159424827648216	-0.256898546279396
0.0101825877815335	0.0753297277257615	0.491553399993769	0.0320508943619344	0.0309086927978308	-0.142795479332804	0.427202064771422	-0.0279222554786206	0.00721359144351734	0.0139785836885393	-0.00657478548461716	0.0435569211251267	0.0127319768246099	0.0259662706499902	-0.000930142282154483	-0.0054505934355675	0.0310159334808598	0.139894146673008	-0.0503895269288664	-0.0682382776563203	-0.163569134557042	0.121510596487394	-0.0423424678179645	-0.228609912928982	-0.0452346453499618	0.00941077942379554	0.0379652451910644	-0.00274711588199392	0.0106860883500029	-0.19795047990623	-0.0888720827260053	-0.0833148041570679	-0.238585725121867	-0.117478969838594	-0.0302442897719602	0.745317101850443	-0.14361063083619	0.0778813239461969	-0.161483896268221	-0.158704477212367	0.0112483644586977	0.0380760467138316	-0.173194758821227	-0.0378956511641948	-0.109497155196428
0.00118538508053142	0.0567240901389452	0.0320508943619344	0.5024733097224	0.0438159296711676	-0.0859033277889413	-0.0614206255484851	0.394129023615577	-0.0580606787058254	0.0157627710636122	0.00240214446688976	0.0320871739325291	0.00986065835446769	0.0486335052483082	-0.0387832973842622	0.0201947330775186	0.0811036116958551	-0.060655686070186	0.138979455125266	0.0241387109955362	0.0945279800251362	-0.0226867263508143	0.0849251807831647	0.0358726473328051	0.0322402445884102	0.0212357963261308	0.100142071055097	0.0136721566609103	-0.0111327595389632	-0.045596700503497	-0.00577834301570485	0.117550289055388	-0.117515805542761	-0.257674529407674	-0.0622442302238129	-0.193587885967621	0.0325756354622537	-0.0918960628425704	0.105223688836497	0.0393210549751384	-0.00872000089412859	0.0421834422853965	0.0135577762447791	-0.0143087093597885	-0.0433760590068958
-0.0553077677732434	-0.297222693980168	0.0309086927978308	0.0438159296711676	0.51225873462903	1.019067004348	0.0573638277061767	0.0360716137544324	0.655824647592992	-0.240081572042797	-0.0120733259185511	-0.0111611136113628	-0.293560361383213	-0.0157483001881092	-0.0604090974522685	-0.424714906903095	0.189571107739813	-0.0101598819298577	-0.0232229252347026	-0.203811353664161	-0.0718719230693785	-0.0324170882688198	-0.027759598606182	0.50125519310083	-0.145181664950583	0.0306302101549847	0.0164314533211691	-0.0863017736209879	-0.000180585813833335	-0.340740692377365	0.0355478357414707	-0.0131407399217499	-0.0302419522495812	-0.062236802340103	-0.179641680219606	-0.233649727951571	-0.0292937348038262	-0.0194903570257802	-0.0744579680656756	-0.0579245235145896	0.00918854612363375	-0.0338716569507819	-0.053986864444137	-0.0299584010059897	0.149634390083303
-2.84902508403545	-2.7818986973415	-0.142795479332804	-0.085903327788941	1.019067004348	15.7013010848878	0.286176702453578	-0.149309748368825	4.78930479888246	-2.97224781105019	-0.122728078263078	0.0729950966110529	-3.28018552487958	-0.494912400335709	-1.21905235964655	-0.993997047397814	0.530597867202465	-0.148080868730289	-0.0505885361869847	1.24305355105657	-1.53473581319625	-0.522253531887979	-0.0969145912975945	6.65728872000236	-0.776836343268108	0.131333642374851	0.133957921627557	-0.663315068230697	-0.0678816424299816	-2.08303113220767	-0.264321830860404	1.71637412923194	-0.746263486715706	0.192228122325438	0.233991528311606	-7.46859714778618	-0.604022162638528	0.224828002562722	1.71910645800968	1.18471164252209	0.0610338032388779	-0.0653418079882447	1.59311185320592	0.0703472707471542	1.3602321599631
0.00262105521423946	-0.0295957187653399	0.427202064771422	-0.0614206255484851	0.0573638277061767	0.286176702453577	0.457951169275244	-0.0285313051503161	0.204380080338573	-0.053069661477668	-0.00490372077692539	0.0142583005246435	-0.0712509043801301	0.0160720337610458	0.0321538230730094	-0.0620117209117071	0.0153796878907047	0.166145083857008	-0.021318786236225	-0.0188893462714463	-0.250094706942151	0.13716153523942	-0.0276705968727884	-0.0597715914515481	-0.0906113981331797	0.00879983917145957	-0.0183332712350985	-0.043596348574215	-0.00515116327076922	-0.243197941705176	-0.0963197776488973	-0.0826773641591813	-0.14366856703091	0.0325420582246912	-0.029296093298269	0.603566585686908	-0.0874479789768405	0.196158591886396	-0.162502828491093	-0.134368883067035	0.016455350050996	0.00687503493478159	-0.148937531006678	-0.0636890171395246	-0.0382476825928143
-0.0205466464850974	0.0280521849515176	-0.0279222554786206	0.394129023615577	0.0360716137544324	-0.149309748368825	-0.0285313051503161	0.446309455521684	-0.0312583701056002	0.0409093420456959	-0.00720965535356679	0.00817930862161506	0.0411940135414658	0.0887911453845401	-0.00585581524224049	0.0214825657856917	0.042626646584392	0.01978538687961	0.164697485061345	-0.0302493871539402	0.110869802658986	0.0599116761014034	0.0818211731174327	0.0371990828850302	0.0352054156729494	0.0120380978418525	0.05167856495161	0.012081675629461	-0.0145245082622456	0.0344008135485902	0.0532463463679001	0.0997806563069417	0.0778941647286548	-0.0919034934249236	-0.0195009694571672	-0.225561509896024	0.196147626784816	0.075786800495813	0.130076800818587	0.0463666972424426	0.001860438023326	0.0155473982694676	0.0208248190192642	-0.0620379409977294	-0.0124016368324375
-0.438274096043472	-1.02697168385042	0.00721359144351736	-0.0580606787058255	0.655824647592992	4.78930479888245	0.204380080338573	-0.0312583701056001	1.93352509792193	-0.940477102652211	-0.0196665580851724	-0.0169457151836399	-1.06913353492862	-0.158992007915652	-0.236941813706112	-0.496582823852913	0.315199106547973	-0.020119695307074	-0.0143245464795869	0.230391821778977	-0.614980381830267	-0.143326039768527	-0.034461943379338	2.10760968289646	-0.382507426802573	0.0707179886819625	0.00198474689046648	-0.331285754794492	-0.040052005289023	-0.951659985217668	-0.163279004046998	0.422338673773228	-0.161740489012264	0.104884131981054	-0.0743703954067012	-1.7190460262209	-0.162604142022101	0.129902591552477	0.271533535747605	0.228300132644414	0.0433256018114383	-0.0712273154652875	0.329148653601023	-0.0496169780941192	0.539625981351087
0.69317027558347	0.680098008125218	0.0139785836885393	0.0157627710636122	-0.240081572042796	-2.97224781105019	-0.053069661477668	0.0409093420456959	-0.940477102652212	0.650611466652358	0.0420283112686012	-0.0262891540702392	0.690148762088111	0.0885210034545923	0.29017192094273	0.222098493549481	-0.165509160606038	0.0335332007378855	0.0107397176462536	-0.296369378932448	0.30735054212773	0.0985297932687245	0.0225974305488909	-1.21406193080622	0.172103792002266	-0.0275090335674767	-0.0525572426274794	0.134578893747422	-0.00396147574099658	0.462869134842677	0.133877180518871	-0.26960007816984	0.158872484966227	-0.0390746605132272	0.0578508776761776	1.18484286471843	0.134435147018973	-0.0462011462254865	-0.228365608377171	-0.158571050874347	-0.00802736019324251	0.00245879344338215	-0.240327667482892	-0.0163045297021113	-0.205313600154483
0.121764451881094	0.0570710796147084	-0.00657478548461717	0.00240214446688975	-0.0120733259185511	-0.122728078263077	-0.00490372077692539	-0.00720965535356679	-0.0196665580851724	0.0420283112686012	0.0152643848131016	-0.00850187486027493	0.0412927020326095	-0.00826241375174305	0.0493070481870368	0.0123386175783328	-0.00712287304620348	-0.013298560536685	0.0103708677055597	0.00219449136292643	0.00487269016026749	-0.0097081382646421	0.0129701143274756	-0.0624428416524152	0.0010904452459882	0.000969924117370745	-0.0122700374460518	-0.0116459250238115	-0.00482672681633343	-0.000738038306376351	0.00800303627686252	-0.0276397475554808	-0.0112564854433175	0.00872848490423426	-0.00918888533728571	0.0608635252855397	-0.0164403023247017	-0.00185928979336718	-0.0432793784813259	-0.00800403393293221	0.00117457853861672	-0.00335491735236038	-0.0125790810211374	-0.000836289770675616	0.00749320632251607
-0.0807785443715071	-0.016418364490474	0.0435569211251268	0.0320871739325291	-0.0111611136113628	0.0729950966110528	0.0142583005246434	0.00817930862161505	-0.0169457151836399	-0.0262891540702392	-0.00850187486027493	0.0223402427236316	-0.0152530575665997	0.00757685480287168	-0.0575187021656779	0.0497715643916243	0.014942220182452	0.00390306449963598	-0.00742230807277448	-0.00468514779076018	0.0166358200640193	-0.000258697221587071	-0.00639830152386541	0.0503250690625142	0.0165783709091009	-0.000211958487907649	0.0372695504422086	0.0158777895506415	0.0132705168191081	0.00412170157196151	-0.0453671251799552	0.028468485470757	-0.0380796498795133	-0.0421782660738863	0.0338839862149884	-0.0655181794741456	-0.00684880336507506	-0.015577826476017	0.071293497201947	0.00248242572063663	-0.00336211999624947	0.0192383676068755	0.0190457808989156	0.0093322440020262	-0.0333339876152887
0.627721498092255	0.740645265624265	0.0127319768246098	0.00986065835446766	-0.293560361383213	-3.28018552487957	-0.0712509043801301	0.0411940135414659	-1.06913353492862	0.690148762088112	0.0412927020326095	-0.0152530575665997	0.769162607933331	0.102564258158411	0.302420651253344	0.238921192966914	-0.150350484174341	0.0310623381062299	0.0253210962474783	-0.327375523076252	0.324224674579767	0.114298229346755	0.0322586950555366	-1.43627750916431	0.18085158000421	-0.0288715218283114	-0.0214745651803291	0.128921473649585	0.0121597253360519	0.450278762190509	0.0604665031501119	-0.341070904889893	0.173406543351851	-0.0132514023136996	0.0539243926856043	1.59310814359186	0.149062201894301	-0.0206978039426241	-0.329139317520076	-0.240306434723586	-0.0126259476270051	0.0190053450113332	-0.310779268554839	-0.0260852241590177	-0.270350846062547
0.0226469919260954	0.0611328151187942	0.0259662706499902	0.0486335052483082	-0.0157483001881092	-0.494912400335709	0.0160720337610459	0.0887911453845401	-0.158992007915652	0.0885210034545922	-0.00826241375174304	0.00757685480287169	0.102564258158411	0.0544905214457726	-0.0123113988159983	0.069710640975018	-0.0251866098499658	0.0235697296114719	0.0335283201664442	-0.0925339990215178	0.103098993472867	0.0436780465630845	0.0100620332875472	-0.140674571884915	0.0518890467930938	-0.00870271008299416	0.00497600507065411	0.0523281899829278	0.00962896334752611	0.135700202240505	0.0311544946774566	-0.0159495155657409	0.0379612653845317	0.014359240708658	0.0299465765943063	0.0703559571483352	0.0636931302137655	0.0620429502272364	0.0496175435720145	-0.016276858228513	-0.000851489838631279	0.0092951505040633	-0.0261205719486258	-0.0187455813426566	-0.05742326802513
0.466022683818785	0.3572072673778	-0.00093014228215449	-0.0387832973842623	-0.0604090974522687	-1.21905235964655	0.0321538230730093	-0.00585581524224049	-0.236941813706112	0.29017192094273	0.0493070481870369	-0.0575187021656779	0.302420651253343	-0.0123113988159982	0.341254611152436	-0.134628079443789	0.00433364485836966	0.0309561404253321	0.0216168131037908	-0.0593595922373717	-0.0881732279394404	0.0653674892585777	0.0313430012651663	-0.792405108148832	-0.0659454840034313	0.0145891230763224	-0.0566112690154813	-0.0846814619595436	-0.0329874740751785	-0.139838871176863	0.0204449499949541	-0.256914992916138	0.109549531293868	0.0434833257176557	-0.149670902968552	1.36048201417278	0.0382839147962642	0.0124944884809068	-0.53971192359493	-0.205370037576997	0.00749012060530586	-0.0333178711686135	-0.27037376076267	-0.0574449907602991	-0.0138334796187453
0.160256783226657	-0.00547672200054051	-0.00545059343556752	0.0201947330775186	-0.424714906903095	-0.993997047397814	-0.0620117209117072	0.0214825657856917	-0.496582823852913	0.222098493549481	0.0123386175783328	0.0497715643916243	0.238921192966914	0.069710640975018	-0.134628079443789	2.18786832319501	0.0657838193023682	4.51371411387451e-06	-7.55844975525494e-06	-8.95859307859066e-06	0.27385152867295	1.02048542425546e-05	-1.43277676322047e-05	1.96126561142991e-05	0.26010795106738	0.00873093202298254	-0.0242103975505405	0.152157063190254	-0.00488870949271954	0.790055079734125	0.160264352112709	-0.00545874407427919	0.00544554875266694	-0.0202006894317724	0.424706887752478	-0.994087327236369	0.0619951601853456	-0.0214620200763501	0.496585197100737	0.222122512574618	0.0123456053534749	0.0497727659685154	0.238942666448958	0.0696921533174577	-0.134596057813512
-0.130360726548353	-0.156205174131649	0.0310159334808598	0.081103611695855	0.189571107739813	0.530597867202465	0.0153796878907047	0.042626646584392	0.315199106547975	-0.165509160606038	-0.00712287304620348	0.0149422201824519	-0.15035048417434	-0.0251866098499658	0.00433364485837	0.0657838193023683	0.317414516127123	-2.54493137303479e-05	2.66719401621013e-05	-3.81737498853123e-05	-0.215391533483069	-3.37066277416045e-05	5.28646613889282e-05	-0.000197518785207445	-0.164044317595791	0.0544591529460961	0.116845264698359	-0.129006550138642	0.0168817731061443	-0.455399603213887	-0.130415655912166	-0.156351451736283	-0.0309852682236895	-0.0810850842672197	-0.189534123966249	0.531374984766629	-0.0153340334526295	-0.042714840664348	-0.315335561044241	-0.165672675022879	-0.0071517559177683	0.0149369420782928	-0.15052289180361	-0.0251335349728355	0.00419429169110784
-0.000990735292604168	0.0391583573314662	0.139894146673008	-0.060655686070186	-0.0101598819298577	-0.148080868730289	0.166145083857008	0.01978538687961	-0.0201196953070741	0.0335332007378855	-0.013298560536685	0.00390306449963596	0.0310623381062299	0.0235697296114719	0.030956140425332	4.51371411387839e-06	-2.5449313730346e-05	0.177507289639804	-0.0734870541988538	0.0104562607333477	-2.08410891267675e-06	0.140345473151089	-0.0607379490451574	-0.0998395013050474	4.6728687488333e-06	-2.6799844733149e-06	-2.30133560085473e-05	2.2174573825773e-06	-1.35071231758935e-05	3.33717685339569e-05	0.000983473169783201	-0.0391669732528254	0.139889071920641	-0.0606830096917291	-0.0101521461186382	0.148071626525671	0.166131886407224	0.0197623322077226	-0.0201160149759275	-0.0335246394543657	0.0132992540207149	-0.00391107638096234	-0.0310721618417948	-0.0235709164294029	-0.0309532033244052
0.027591994650156	0.00227136587317286	-0.0503895269288665	0.138979455125266	-0.0232229252347026	-0.0505885361869847	-0.021318786236225	0.164697485061345	-0.0143245464795869	0.0107397176462536	0.0103708677055597	-0.00742230807277447	0.0253210962474783	0.0335283201664442	0.0216168131037908	-7.55844975525512e-06	2.66719401620987e-05	-0.0734870541988538	0.160953980055288	0.0268823572082009	1.35651402567305e-05	-0.0270736841252456	0.102731052673245	-0.0376142002280071	1.21711239698532e-06	2.09862711178522e-06	3.18928296983542e-05	-1.40460648502959e-05	1.60212411398758e-05	-4.6185732745214e-05	-0.0275845950037208	-0.00226618241698208	-0.0504132926271649	0.138974706724936	-0.0232231143862562	0.0506103520366543	-0.0213145897006741	0.164708158900467	-0.0143357412961747	-0.0107596103702808	-0.0103643405555265	0.00744284768013469	-0.0253033298717807	-0.0335298430666824	-0.0216244547980462
0.0818993139154392	-0.305150609128438	-0.0682382776563203	0.0241387109955362	-0.203811353664161	1.24305355105656	-0.0188893462714463	-0.0302493871539402	0.230391821778978	-0.296369378932449	0.00219449136292642	-0.00468514779076017	-0.327375523076252	-0.0925339990215179	-0.0593595922373717	-8.95859307860558e-06	-3.81737498852373e-05	0.0104562607333477	0.0268823572082009	0.867197262523772	0.000113913008798049	-0.0601893633455353	0.0410376765060117	0.581199276189578	7.01880005231145e-05	-1.24092931508591e-05	2.78274685921269e-05	-8.77546671339913e-05	-4.94801440018957e-06	-1.14812886255182e-05	-0.081887081367657	0.305114732804665	-0.0685482614631019	0.0237631188861298	-0.203731256616484	-1.2430239658901	-0.0190054422685207	-0.030408777480669	0.230371341207073	0.296294774511051	-0.00212897022287729	0.00478227252491782	0.327429230471297	0.0925207695816065	0.0592933323057188
0.41522278370023	0.253837074159938	-0.163569134557042	0.0945279800251362	-0.0718719230693782	-1.53473581319625	-0.250094706942151	0.110869802658986	-0.614980381830265	0.30735054212773	0.00487269016026751	0.0166358200640192	0.324224674579767	0.103098993472867	-0.0881732279394406	0.273851528672949	-0.215391533483069	-2.08410891270442e-06	1.35651402567264e-05	0.000113913008798366	0.918480509093435	-2.71274205040427e-05	2.96496589244803e-05	0.000149066732628507	0.379382619517457	-0.0590238018024679	-0.0317676471663917	0.308108865942088	0.0440196297597866	1.00243803203999	0.415280646092411	0.253947403419327	0.163567306556439	-0.0945121189424917	0.0718791327862031	-1.53532240950305	0.250131514299546	-0.11091492351857	0.615145373072634	0.30745728572483	0.00486310248083598	0.016626903048242	0.324351307054357	0.1031654849287	-0.0881574749271417
-0.0171954752914424	0.108430922242597	0.121510596487394	-0.0226867263508143	-0.0324170882688197	-0.522253531887978	0.13716153523942	0.0599116761014035	-0.143326039768527	0.0985297932687245	-0.0097081382646421	-0.000258697221587046	0.114298229346755	0.0436780465630845	0.0653674892585777	1.02048542425459e-05	-3.37066277416043e-05	0.140345473151089	-0.0270736841252456	-0.0601893633455353	-2.71274205039706e-05	0.138331113932502	-0.0327297479570355	-0.331130756117963	-7.41325951337049e-06	-1.67535863796949e-06	-4.47211020388537e-05	2.46485400968399e-05	-2.09361669171192e-05	5.89197761147086e-05	0.0171846019867288	-0.108433779827946	0.121571208293343	-0.022649550064621	-0.0324241051403113	0.522220147475382	0.137166773535557	0.0599078700472921	-0.143311886436356	-0.0984958088629826	0.00969460768972413	0.000222869491899168	-0.114324631012322	-0.0436762101843022	-0.0653466703193254
0.0664322962286978	0.0305701973415059	-0.0423424678179645	0.0849251807831647	-0.0277595986061819	-0.0969145912975944	-0.0276705968727884	0.0818211731174327	-0.034461943379338	0.0225974305488909	0.0129701143274756	-0.00639830152386541	0.0322586950555366	0.0100620332875472	0.0313430012651664	-1.43277676322116e-05	5.286466138892e-05	-0.0607379490451574	0.102731052673245	0.0410376765060117	2.96496589244884e-05	-0.0327297479570355	0.0743387389398763	-0.070133706002488	3.6608670531109e-06	3.85332224962518e-06	6.36616144735637e-05	-2.66284100770344e-05	3.20065104946654e-05	-8.78596874243051e-05	-0.0664155039702556	-0.0305592890069769	-0.0423917608116204	0.0849151512564182	-0.0277593198012901	0.0969503420022251	-0.0276625106454012	0.0818443166071246	-0.034479892126577	-0.0226364004669597	-0.0129571625229257	0.00643989902728306	-0.0322222600946401	-0.010064054353744	-0.031361256684612
-0.46826898279991	-1.4511182776079	-0.228609912928982	0.0358726473328051	0.50125519310083	6.65728872000236	-0.059771591451548	0.0371990828850302	2.10760968289646	-1.21406193080622	-0.0624428416524152	0.0503250690625142	-1.43627750916431	-0.140674571884915	-0.792405108148833	1.9612656114223e-05	-0.000197518785207546	-0.0998395013050475	-0.0376142002280072	0.581199276189579	0.000149066732627146	-0.331130756117963	-0.070133706002488	4.15082986327431	0.000129057654215203	-3.37776842282603e-05	-0.000100129011372219	-0.00010709879710467	-8.87705594328137e-05	0.00021109827136051	0.468262577415814	1.45100290121876	-0.229110523636548	0.035156661042219	0.501425610601243	-6.65729939007716	-0.060026107917337	0.0368276885109004	2.10761783271029	1.21399919520265	0.0625374410226008	-0.050228963628631	1.43628660689504	0.140657129655437	0.792292082293296
0.165771715549477	0.137494609129545	-0.0452346453499618	0.0322402445884102	-0.145181664950583	-0.776836343268108	-0.0906113981331796	0.0352054156729494	-0.382507426802573	0.172103792002266	0.0010904452459882	0.0165783709091009	0.18085158000421	0.0518890467930939	-0.0659454840034313	0.26010795106738	-0.164044317595791	4.672868748828e-06	1.21711239699073e-06	7.01880005230481e-05	0.379382619517457	-7.41325951336859e-06	3.66086705313078e-06	0.000129057654215152	0.205633740916811	-0.0371973536985547	-0.02452312956831	0.161860863174122	0.0166520254157856	0.525570630395302	0.165811430062971	0.137588916085122	0.0452264935621724	-0.0322361398491976	0.145178811088135	-0.777337073677028	0.090621938875216	-0.035208687796928	0.38263169840742	0.172199070190615	0.00109174437539809	0.0165751837782206	0.180960777166002	0.0519121447626805	-0.0659047854584069
-0.0185745584339694	-0.0173094956161238	0.00941077942379553	0.0212357963261308	0.0306302101549847	0.131333642374851	0.00879983917145957	0.0120380978418525	0.0707179886819626	-0.0275090335674767	0.000969924117370744	-0.000211958487907648	-0.0288715218283114	-0.00870271008299416	0.0145891230763224	0.00873093202298253	0.0544591529460961	-2.67998447331469e-06	2.09862711178696e-06	-1.24092931508627e-05	-0.0590238018024679	-1.67535863797056e-06	3.85332224963145e-06	-3.37776842282593e-05	-0.0371973536985547	0.0120914753521132	0.0159762734360787	-0.0324396440914902	-0.0032476586817101	-0.101084151445743	-0.018585074251041	-0.0173343046513309	-0.00940686922963679	-0.0212347795319011	-0.0306271024591052	0.131465039256932	-0.00879715751200982	-0.0120444421839419	-0.0707461737070477	-0.0275352764583302	0.000967326440023194	-0.0002118852811343	-0.028900370523914	-0.0087017260133888	0.014572238711974
-0.118156964570246	0.00132045797944513	0.0379652451910643	0.100142071055097	0.0164314533211691	0.133957921627557	-0.0183332712350986	0.0516785649516101	0.0019847468904665	-0.0525572426274793	-0.0122700374460518	0.0372695504422086	-0.0214745651803291	0.00497600507065411	-0.0566112690154813	-0.0242103975505405	0.116845264698359	-2.30133560085567e-05	3.18928296983654e-05	2.78274685921268e-05	-0.0317676471663917	-4.47211020388787e-05	6.36616144735521e-05	-0.000100129011372229	-0.02452312956831	0.0159762734360787	0.118148358128378	-0.0161188875021288	0.0329158258215049	-0.168032852120594	-0.118184258822707	0.00124409404450544	-0.0379372455358659	-0.100116598008433	-0.0163938667888843	0.134357934194428	0.0183984741795415	-0.0517794729461618	-0.00201965556015521	-0.0526519545812913	-0.0123016992728813	0.0372610332041883	-0.0215651892947584	0.00505811779201886	-0.05673277080025
0.126789768438455	0.1059743416878	-0.00274711588199392	0.0136721566609103	-0.086301773620988	-0.663315068230697	-0.043596348574215	0.0120816756294609	-0.331285754794493	0.134578893747422	-0.0116459250238116	0.0158777895506415	0.128921473649585	0.0523281899829277	-0.0846814619595436	0.152157063190254	-0.129006550138643	2.2174573825755e-06	-1.40460648502931e-05	-8.77546671340609e-05	0.308108865942089	2.46485400968449e-05	-2.6628410077027e-05	-0.000107098797104641	0.161860863174122	-0.0324396440914902	-0.0161188875021288	0.175543435171053	0.0216359205687755	0.450030533586523	0.126761018382027	0.105900890163887	0.00274713314102246	-0.013686369921634	0.0862886599945217	-0.662924800117204	0.0435564097518724	-0.0120476276708359	0.331156234855634	0.134516067938303	-0.0116356780132587	0.0158818538573537	0.128838524453673	0.0522760115558772	-0.0846737947731441
-0.00809896999478175	-0.00236442631513648	0.0106860883500029	-0.0111327595389632	-0.000180585813833316	-0.0678816424299816	-0.00515116327076923	-0.0145245082622453	-0.0400520052890231	-0.00396147574099658	-0.00482672681633342	0.0132705168191081	0.0121597253360519	0.00962896334752612	-0.0329874740751786	-0.00488870949271953	0.0168817731061443	-1.35071231758975e-05	1.60212411398773e-05	-4.94801440013589e-06	0.0440196297597866	-2.09361669171221e-05	3.20065104945416e-05	-8.87705594327096e-05	0.0166520254157856	-0.00324765868171011	0.0329158258215049	0.0216359205687755	0.0232889279889705	0.0145457368048019	-0.00812281585279347	-0.00242999550967335	-0.0106704374312916	0.0111451868728263	0.000199485746678618	-0.0675374986635973	0.00517918949501745	0.014471941814178	0.039997006125757	-0.00403526889913098	-0.00484331513254197	0.0132664801645822	0.0120830460356346	0.00966569601139051	-0.0330601121068627
0.491113084152784	0.300562714398641	-0.19795047990623	-0.045596700503497	-0.340740692377365	-2.08303113220767	-0.243197941705176	0.0344008135485902	-0.951659985217669	0.462869134842678	-0.000738038306376332	0.00412170157196152	0.450278762190509	0.135700202240505	-0.139838871176863	0.790055079734126	-0.455399603213887	3.33717685339523e-05	-4.61857327452197e-05	-1.14812886248804e-05	1.00243803204	5.89197761146958e-05	-8.78596874242746e-05	0.000211098271360897	0.525570630395302	-0.101084151445743	-0.168032852120594	0.450030533586524	0.0145457368048019	1.53032359192719	0.491173418007553	0.300723396621884	0.197908516071301	0.045561707662959	0.340693060909144	-2.08386609662618	0.243106020831245	-0.034268240309378	0.951775981197145	0.463057764641602	-0.000692205403791932	0.00412883409488839	0.450465915606265	0.135599735613386	-0.139636883650627
0.0614528767695309	-0.0250979644557258	-0.0888720827260054	-0.00577834301570485	0.0355478357414708	-0.264321830860404	-0.0963197776488973	0.0532463463679001	-0.163279004046998	0.133877180518871	0.00800303627686252	-0.0453671251799552	0.060466503150112	0.0311544946774566	0.0204449499949542	0.160264352112709	-0.130415655912166	0.000983473169783194	-0.0275845950037207	-0.0818870813676571	0.415280646092411	0.0171846019867288	-0.0664155039702556	0.468262577415813	0.165811430062971	-0.018585074251041	-0.118184258822707	0.126761018382027	-0.00812281585279347	0.491173418007553	2.32316501040573	0.581952597416652	-0.0102527088505611	-0.00128759450680499	0.0553330741694295	-2.84905955191565	-0.00265014923755455	0.0204797807439078	0.438284743703212	0.693171520100323	0.1217747378002	-0.080766121754804	0.627733439277222	0.0226542632517318	0.466006758704862
-0.0250881882010497	-0.343325809386294	-0.0833148041570679	0.117550289055388	-0.0131407399217499	1.71637412923194	-0.0826773641591813	0.0997806563069417	0.422338673773228	-0.26960007816984	-0.0276397475554808	0.028468485470757	-0.341070904889893	-0.0159495155657409	-0.256914992916138	-0.00545874407427923	-0.156351451736283	-0.0391669732528255	-0.00226618241698207	0.305114732804665	0.253947403419326	-0.108433779827946	-0.0305592890069769	1.45100290121875	0.137588916085122	-0.017334304651331	0.00124409404450543	0.105900890163886	-0.00242999550967339	0.300723396621884	0.581952597416652	0.952019625725572	-0.0755025730955775	-0.0569809851375247	0.297283436656277	-2.78171530484794	0.0295047716085818	-0.0281977088213861	1.02692577646174	0.680043242052487	0.0571012477204622	-0.0163855868714525	0.740607342624824	0.0611281607105226	0.357146144634677
0.0889509860270084	0.0835002704417467	-0.238585725121867	-0.117515805542761	-0.0302419522495812	-0.746263486715706	-0.143668567030909	0.0778941647286549	-0.161740489012264	0.158872484966227	-0.0112564854433175	-0.0380796498795133	0.173406543351851	0.0379612653845317	0.109549531293868	0.00544554875266694	-0.0309852682236895	0.139889071920641	-0.0504132926271649	-0.0685482614631019	0.163567306556439	0.121571208293343	-0.0423917608116204	-0.229110523636548	0.0452264935621724	-0.00940686922963679	-0.037937245535866	0.00274713314102246	-0.0106704374312916	0.197908516071301	-0.0102527088505611	-0.0755025730955775	0.491572209899195	0.0320577928469579	0.030898819149319	0.143751702273986	0.427162421265254	-0.0278784530034504	0.00695167185375505	-0.0141534157311813	0.00657968563273601	-0.0435461564255744	-0.0129334672295377	-0.0260316030383379	0.000879825133702326
0.0058866657491853	-0.117291416184326	-0.117478969838594	-0.257674529407674	-0.062236802340103	0.192228122325438	0.0325420582246912	-0.0919034934249236	0.104884131981054	-0.0390746605132271	0.00872848490423427	-0.0421782660738863	-0.0132514023136995	0.0143592407086579	0.0434833257176557	-0.0202006894317724	-0.0810850842672197	-0.0606830096917291	0.138974706724936	0.0237631188861298	-0.0945121189424917	-0.022649550064621	0.0849151512564181	0.035156661042219	-0.0322361398491976	-0.0212347795319011	-0.100116598008433	-0.013686369921634	0.0111451868728263	0.045561707662959	-0.00128759450680499	-0.0569809851375247	0.0320577928469579	0.502457111971264	0.0438273417763063	0.0872795693613429	-0.0614555244385872	0.394123739796801	-0.058408996096229	-0.0160274448581566	-0.0024031000723139	-0.0320724935193888	-0.0101505292801453	-0.0486856480927302	0.0386671743173067
-0.0355687334268643	0.0130791318043953	-0.0302442897719602	-0.0622442302238129	-0.179641680219605	0.233991528311606	-0.029296093298269	-0.0195009694571672	-0.0743703954067012	0.0578508776761775	-0.00918888533728571	0.0338839862149884	0.0539243926856043	0.0299465765943063	-0.149670902968552	0.424706887752478	-0.189534123966249	-0.0101521461186382	-0.0232231143862562	-0.203731256616484	0.0718791327862034	-0.0324241051403113	-0.0277593198012901	0.501425610601243	0.145178811088135	-0.0306271024591051	-0.0163938667888844	0.0862886599945217	0.000199485746678611	0.340693060909143	0.0553330741694297	0.297283436656277	0.0308988191493189	0.0438273417763063	0.51226400410311	-1.01936568322314	0.0573763331016749	0.0360851612156979	0.655901136235786	0.24012873594383	0.0120766962392862	0.011170672334346	0.293637719660356	0.0157598266083883	0.0604284763798384
-0.264291563812825	1.71659424887143	0.745317101850444	-0.193587885967621	-0.233649727951571	-7.46859714778618	0.603566585686909	-0.225561509896024	-1.7190460262209	1.18484286471843	0.0608635252855397	-0.0655181794741456	1.59310814359186	0.0703559571483352	1.36048201417278	-0.994087327236369	0.531374984766627	0.148071626525671	0.0506103520366542	-1.2430239658901	-1.53532240950305	0.522220147475382	0.0969503420022252	-6.65729939007716	-0.777337073677027	0.131465039256932	0.134357934194429	-0.662924800117204	-0.0675374986635972	-2.08386609662619	-2.84905955191565	-2.78171530484795	0.143751702273986	0.0872795693613428	-1.01936568322314	15.7014859320055	-0.285659027757609	0.150001477072923	-4.78931715924725	-2.97218741297667	-0.12291802726589	0.0728203409601988	-3.28023776568383	-0.494858465706156	-1.21889935350633
0.096364739345592	0.0827702161693881	-0.14361063083619	0.0325756354622537	-0.0292937348038262	-0.604022162638527	-0.0874479789768405	0.196147626784816	-0.162604142022101	0.134435147018973	-0.0164403023247017	-0.00684880336507504	0.149062201894301	0.0636931302137654	0.0382839147962643	0.0619951601853456	-0.0153340334526295	0.166131886407224	-0.0213145897006741	-0.0190054422685207	0.250131514299545	0.137166773535557	-0.0276625106454012	-0.060026107917337	0.090621938875216	-0.00879715751200982	0.0183984741795414	0.0435564097518724	0.00517918949501742	0.243106020831245	-0.00265014923755456	0.0295047716085818	0.427162421265254	-0.0614555244385871	0.0573763331016749	-0.285659027757609	0.457933186494828	-0.0285457533357437	0.204248250163122	0.0529516412647728	0.00491004046425237	-0.0142300858712911	0.0711622913303897	-0.0160824123763896	-0.0322152398151523
-0.0532050974113	-0.0996567730365103	0.0778813239461969	-0.0918960628425704	-0.0194903570257803	0.224828002562722	0.196158591886396	0.0757868004958131	0.129902591552477	-0.0462011462254865	-0.00185928979336718	-0.015577826476017	-0.0206978039426241	0.0620429502272364	0.0124944884809068	-0.0214620200763501	-0.042714840664348	0.0197623322077226	0.164708158900467	-0.030408777480669	-0.11091492351857	0.0599078700472921	0.0818443166071245	0.0368276885109004	-0.035208687796928	-0.0120444421839418	-0.0517794729461618	-0.0120476276708359	0.014471941814178	-0.034268240309378	0.0204797807439078	-0.028197708821386	-0.0278784530034504	0.394123739796801	0.0360851612156979	0.150001477072923	-0.0285457533357437	0.446254822193362	-0.0314149186531377	-0.0410185372289236	0.0071924702392245	-0.00820960487495693	-0.0413786000282197	-0.0887962444374183	0.00579401769215986
0.16327271137793	-0.422399397978851	-0.161483896268221	0.105223688836497	-0.0744579680656756	1.71910645800968	-0.162502828491093	0.130076800818587	0.271533535747605	-0.228365608377171	-0.0432793784813259	0.071293497201947	-0.329139317520076	0.0496175435720145	-0.53971192359493	0.496585197100737	-0.31533556104424	-0.0201160149759275	-0.0143357412961747	0.230371341207073	0.615145373072635	-0.143311886436356	-0.034479892126577	2.10761783271029	0.38263169840742	-0.0707461737070477	-0.00201965556015521	0.331156234855634	0.039997006125757	0.951775981197144	0.438284743703213	1.02692577646174	0.00695167185375507	-0.058408996096229	0.655901136235786	-4.78931715924725	0.204248250163122	-0.0314149186531377	1.93350789997416	0.940439771764148	0.0197221760706269	0.0170106773785295	1.06916206532905	0.158971729267081	0.236900696056783
0.133879494303835	-0.269619262319449	-0.158704477212367	0.0393210549751385	-0.0579245235145895	1.18471164252209	-0.134368883067035	0.0463666972424426	0.228300132644415	-0.158571050874347	-0.00800403393293221	0.00248242572063663	-0.240306434723585	-0.016276858228513	-0.205370037576997	0.222122512574618	-0.165672675022879	-0.0335246394543657	-0.0107596103702808	0.296294774511051	0.307457285724829	-0.0984958088629826	-0.0226364004669598	1.21399919520265	0.172199070190615	-0.0275352764583302	-0.0526519545812913	0.134516067938303	-0.00403526889913103	0.463057764641601	0.693171520100323	0.680043242052487	-0.0141534157311813	-0.0160274448581566	0.24012873594383	-2.97218741297667	0.0529516412647727	-0.0410185372289236	0.940439771764147	0.65059317951721	0.0420689387124146	-0.026259536050589	0.690132476299562	0.0884834557483594	0.290158740962829
0.00798469735670083	-0.0276771892181799	0.0112483644586977	-0.00872000089412859	0.00918854612363376	0.061033803238878	0.016455350050996	0.001860438023326	0.0433256018114383	-0.00802736019324252	0.00117457853861672	-0.00336211999624948	-0.0126259476270051	-0.000851489838631281	0.00749012060530584	0.0123456053534749	-0.0071517559177683	0.0132992540207149	-0.0103643405555265	-0.00212897022287728	0.004863102480836	0.00969460768972414	-0.0129571625229257	0.0625374410226008	0.00109174437539809	0.000967326440023195	-0.0123016992728814	-0.0116356780132587	-0.00484331513254197	-0.000692205403791946	0.1217747378002	0.0571012477204622	0.00657968563273601	-0.0024031000723139	0.0120766962392862	-0.122918027265891	0.00491004046425236	0.0071924702392245	0.0197221760706269	0.0420689387124146	0.0152603341318449	-0.00851187497293881	0.0413237328768083	-0.00824659765313586	0.049316332625184
-0.0453826718675745	0.0284350791601397	0.0380760467138316	0.0421834422853965	-0.0338716569507819	-0.0653418079882446	0.00687503493478157	0.0155473982694676	-0.0712273154652875	0.00245879344338216	-0.00335491735236038	0.0192383676068755	0.0190053450113332	0.0092951505040633	-0.0333178711686135	0.0497727659685154	0.0149369420782928	-0.00391107638096238	0.0074428476801347	0.00478227252491783	0.016626903048242	0.000222869491899098	0.00643989902728307	-0.050228963628631	0.0165751837782206	-0.000211885281134303	0.0372610332041883	0.0158818538573537	0.0132664801645822	0.00412883409488844	-0.080766121754804	-0.0163855868714525	-0.0435461564255744	-0.0320724935193888	0.011170672334346	0.0728203409601988	-0.014230085871291	-0.00820960487495694	0.0170106773785295	-0.026259536050589	-0.00851187497293881	0.0223321398435102	-0.0152193765455792	0.00761362306581272	-0.0575282189184839
0.0604578416357575	-0.3411191337899	-0.173194758821227	0.0135577762447791	-0.0539868644441369	1.59311185320592	-0.148937531006678	0.0208248190192642	0.329148653601023	-0.240327667482892	-0.0125790810211374	0.0190457808989156	-0.310779268554838	-0.0261205719486259	-0.27037376076267	0.238942666448958	-0.15052289180361	-0.0310721618417948	-0.0253033298717807	0.327429230471297	0.324351307054357	-0.114324631012322	-0.0322222600946401	1.43628660689503	0.180960777166002	-0.028900370523914	-0.0215651892947584	0.128838524453673	0.0120830460356346	0.450465915606265	0.627733439277222	0.740607342624824	-0.0129334672295377	-0.0101505292801453	0.293637719660356	-3.28023776568383	0.0711622913303897	-0.0413786000282197	1.06916206532905	0.690132476299563	0.0413237328768083	-0.0152193765455792	0.769174286645536	0.102586263932248	0.302357529128826
0.0311661989496485	-0.0159424827648216	-0.0378956511641948	-0.0143087093597885	-0.0299584010059897	0.0703472707471543	-0.0636890171395246	-0.0620379409977295	-0.0496169780941192	-0.0163045297021113	-0.000836289770675617	0.0093322440020262	-0.0260852241590177	-0.0187455813426566	-0.0574449907602991	0.0696921533174577	-0.0251335349728356	-0.0235709164294029	-0.0335298430666823	0.0925207695816065	0.1031654849287	-0.0436762101843022	-0.0100640543537441	0.140657129655437	0.0519121447626805	-0.00870172601338879	0.00505811779201886	0.0522760115558772	0.00966569601139049	0.135599735613386	0.0226542632517318	0.0611281607105226	-0.0260316030383379	-0.0486856480927301	0.0157598266083883	-0.494858465706157	-0.0160824123763896	-0.0887962444374183	0.158971729267081	0.0884834557483594	-0.00824659765313586	0.00761362306581271	0.102586263932248	0.0544861579680464	-0.0123327843699361
0.0204517702998522	-0.256898546279396	-0.109497155196428	-0.0433760590068958	0.149634390083303	1.3602321599631	-0.0382476825928144	-0.0124016368324375	0.539625981351086	-0.205313600154483	0.00749320632251607	-0.0333339876152886	-0.270350846062547	-0.05742326802513	-0.0138334796187452	-0.134596057813512	0.00419429169110774	-0.0309532033244052	-0.0216244547980462	0.0592933323057181	-0.0881574749271427	-0.0653466703193253	-0.031361256684612	0.792292082293293	-0.065904785458407	0.014572238711974	-0.05673277080025	-0.0846737947731442	-0.0330601121068627	-0.139636883650627	0.466006758704862	0.357146144634676	0.00087982513370239	0.0386671743173067	0.0604284763798385	-1.21889935350633	-0.0322152398151523	0.00579401769215988	0.236900696056782	0.290158740962829	0.0493163326251839	-0.0575282189184839	0.302357529128825	-0.0123327843699361	0.341239790868836
Translations
0	0	0
5.319578657909	0	5.319578657909
5.319578657909	5.319578657909	0
0	5.319578657909	5.319578657909
Rotations
0.788675134594813	-0.211324865405187	0.577350269189626
-0.211324865405187	0.788675134594813	0.577350269189626
-0.577350269189626	-0.577350269189626	0.577350269189626
0.788675134594813	-0.211324865405187	-0.577350269189626
-0.211324865405187	0.788675134594813	-0.577350269189626
0.577350269189626	0.577350269189626	0.577350269189626
0.211324865405187	0.788675134594813	0.577350269189626
0.788675134594813	0.211324865405187	-0.577350269189626
-0.577350269189626	0.577350269189626	-0.577350269189626
0.211324865405187	0.788675134594813	-0.577350269189626
0.788675134594813	0.211324865405187	0.577350269189626
0.577350269189626	-0.577350269189626	-0.577350269189626
